H 0 0 5 0
V 0 0 0 10
V 5 0 5 2
V 6 0 6 1
H 6 0 10 0
H 6 1 9 1
V 10 0 10 10
H 5 2 9 2
V 6 2 6 3
V 8 2 8 3
V 1 2 1 3
V 3 0 3 3
H 0 1 1 1
V 2 1 2 2
H 1 2 2 2
H 1 3 3 3
V 4 1 4 4
H 4 3 5 3
V 5 3 5 5
H 4 5 5 5
H 1 4 4 4
H 5 4 9 4
V 7 3 7 4
V 9 3 9 4
H 9 3 10 3
H 0 10 4 10
H 5 10 10 10
H 8 9 10 9
V 8 8 8 9
V 9 5 9 8
V 8 4 8 6
H 7 7 9 7
V 7 5 7 9
V 6 5 6 8
H 5 9 7 9
H 5 7 6 7
V 5 6 5 7
H 3 6 5 6
V 3 4 3 7
V 5 8 5 9
V 4 7 4 8
H 2 7 3 7
H 1 8 5 8
V 1 6 1 8
H 0 5 2 5
V 2 5 2 6
H 1 6 2 6
V 1 9 1 10
V 2 8 2 9
V 4 9 4 10
H 3 9 4 9